image_width: 640
image_height: 480
camera_name: usb_cam
camera_matrix:
  rows: 3
  cols: 3
  data: [845.547740, 0.000000, 339.689825, 0.000000, 817.029529, 277.351232, 0.000000, 0.000000, 1.000000]
distortion_model: plumb_bob
distortion_coefficients:
  rows: 1
  cols: 5
  data: [0.118540, -0.037989, 0.008676, 0.002922, 0.000000]
rectification_matrix:
  rows: 3
  cols: 3
  data: [1.000000, 0.000000, 0.000000, 0.000000, 1.000000, 0.000000, 0.000000, 0.000000, 1.000000]
projection_matrix:
  rows: 3
  cols: 4
  data: [867.085938, 0.000000, 340.282092, 0.000000, 0.000000, 835.721008, 279.319899, 0.000000, 0.000000, 0.000000, 1.000000, 0.000000]
