image_width: 1280
image_height: 720
camera_name: logi_cam
camera_matrix:
  rows: 3
  cols: 3
  data: [1452.886423, 0.000000, 644.727000, 0.000000, 1409.938428, 422.338491, 0.000000, 0.000000, 1.000000]
distortion_model: plumb_bob
distortion_coefficients:
  rows: 1
  cols: 5
  data: [0.095228, 0.065358, 0.005531, -0.009028, 0.000000]
rectification_matrix:
  rows: 3
  cols: 3
  data: [1.000000, 0.000000, 0.000000, 0.000000, 1.000000, 0.000000, 0.000000, 0.000000, 1.000000]
projection_matrix:
  rows: 3
  cols: 4
  data: [1492.749268, 0.000000, 636.834834, 0.000000, 0.000000, 1457.922729, 424.215771, 0.000000, 0.000000, 0.000000, 1.000000, 0.000000]
